-5.166273995464862878e+00
-4.623942289615430745e+00
-6.034812159781661300e+00
-3.897960429176090091e+00
-3.330229938828209058e+00
-7.057150214071212346e+00
-3.561131591850700495e+00
-3.969141722555947105e+00
-6.348408488499195812e+00
-5.175979796755256324e+00
-5.873259731843474718e+00
-6.459798970739544011e+00
-5.161606407215106884e+00
-5.655334302397855062e+00
-4.979710028357197338e+00
-5.297092591170894593e+00
-5.704229178748611240e+00
-6.853395310565225884e+00
-5.319007935947476895e+00
-5.393644868852628171e+00
-4.925813648040580972e+00
-5.036666457017111576e+00
-4.467273723696690624e+00
-5.802684189107510271e+00
-4.930397454632423404e+00
-3.871885985535114649e+00
-4.499472328208257821e+00
-5.123838433112801738e+00
-4.698411229401576072e+00
-5.876111497348981416e+00
-5.131233468183291180e+00
-3.968419684745584597e+00
-4.705845718716892279e+00
-6.188861925064547798e+00
-5.601430218626202162e+00
-4.371147432040864089e+00
-4.813079248438468127e+00
-5.236550975204920633e+00
-4.425547796169297499e+00
-3.768744231249538501e+00
-4.679316194879779900e+00
-3.786028763235342431e+00
-4.957944662147888870e+00
-5.427363543017973413e+00
-4.838200052448708988e+00
-2.625159298188997514e+00
-4.723649181921187434e+00
-4.432333220526942341e+00
-3.481235767673506842e+00
-5.223555000309027641e+00
-6.161199945637429565e+00
-4.717892541870995160e+00
-5.647420835945842654e+00
-4.284384347609862864e+00
-5.222506792188076119e+00
-5.047089387512627923e+00
-3.566731045909796283e+00
-5.160899786359268049e+00
-5.613796838189621496e+00
-6.053126366055355589e+00
-3.611432653545653793e+00
-4.329459896286619980e+00
-4.788287849632621551e+00
-4.615431361025032153e+00
-2.504684125053780352e+00
-7.270477939479492058e+00
-5.971619134666442008e+00
-5.937796474402199820e+00
-4.511389051672598960e+00
-4.047297350003582039e+00
-4.111381600881078846e+00
-3.416418543303707978e+00
-5.258478916500245681e+00
-4.652122769123605117e+00
-4.898794853009352579e+00
-2.961322781577747865e+00
-5.407114748118905467e+00
-4.150258028227020723e+00
-4.257135043554415077e+00
-5.414541000653946057e+00
-4.807263403321681672e+00
-6.639648428046732498e+00
-5.695584552760601937e+00
-2.818801348715045840e+00
-3.450287151898268512e+00
-5.354998399700981793e+00
-5.112223405240693630e+00
-5.089370086176590924e+00
-4.948447595359536599e+00
-5.285602397000776165e+00
-3.685955805855247291e+00
-5.094650792794215732e+00
-4.258612503189160847e+00
-6.041826929064074037e+00
-3.631809848755427339e+00
-5.205306101562173104e+00
-4.448856358475100414e+00
-3.465317956882010719e+00
-5.509880165710288935e+00
-5.852735532951784947e+00
9.000000000000000000e+00
-9.955774186661114911e-01
-6.517829739930161015e-01
-1.785534676476936422e-01
-2.907670658101820571e+00
-3.223492751261517242e+00
-1.507422431269529017e+00
-3.861972051086207447e+00
-3.947836975119416447e-01
-1.268273496444366266e+00
-2.908829183204563407e+00
-1.301713955950356105e+00
-1.612547054250068612e+00
-1.499714178182729452e+00
-2.427377288257452026e+00
-2.902481564424518101e+00
-2.958605415823253981e+00
-3.067272872111166393e+00
-3.728691555494753729e+00
-1.273571308441911354e+00
-3.515338505954681114e+00
-1.697305297277450720e+00
-1.485707808965042620e+00
-1.219975880366260368e+00
-2.206578989845245253e+00
-3.282293637091563632e+00
-3.553119424337502608e+00
-6.867560921748288028e-01
-1.870489208339870313e+00
-3.210918512488924570e+00
-1.714985480553559372e+00
-2.465620047242316648e+00
-2.474015062748427862e+00
-2.627375529312062419e+00
-1.123358364627577988e+00
-1.218432383669346031e+00
-4.015847693508092675e+00
-1.984741035166336376e+00
-1.138939749110261301e+00
-3.311894825199303227e+00
1.249078367980409610e-01
-2.462435034257932198e+00
-5.454059721930444304e-01
-3.142649089549979902e+00
-2.071137666584085046e+00
-1.605616058503646304e+00
-2.443121161542336051e+00
-6.727932642983729394e-01
-1.924050703670986406e+00
-2.679204763776367848e+00
-8.234038613530547668e-01
-3.419522153798901343e+00
-3.371747880228125993e+00
-1.974522420473067363e+00
-1.478972976755829727e+00
-2.742854894109519659e+00
-1.598606078640015138e+00
-3.589871307584320270e+00
-2.771448371239756625e+00
-3.459096314129956440e+00
-1.787418341311225012e+00
-1.733623236197763262e-01
-2.112476233399505521e+00
-3.376990921624549280e+00
-2.228588510416364077e+00
-2.562654400428128643e+00
-1.792845837429672740e+00
-5.102133435705369369e-01
-2.129681104645788636e+00
-2.297059874579780114e+00
-1.355667030897767411e+00
-2.020287274818206136e+00
-8.674263711984326886e-01
-1.224789835796068260e+00
-4.368938325617086615e-01
-2.142660240552816564e+00
-2.086336454713478616e+00
-1.135593236118290994e+00
-1.202048049093863646e+00
-1.122058338264575905e+00
-2.398757315760644993e+00
-1.095675349494942941e+00
-2.921091918698000889e+00
-3.067317878358224892e+00
-1.507689134027339728e+00
-1.150858033740487674e+00
-1.427890851627015012e+00
-5.199028011183619569e-01
-6.240336870626994603e+00
-3.986178054540428395e+00
-6.007958912888244907e-01
-2.150634682213986792e+00
-2.724225549389263978e+00
-3.248613419965493687e+00
-2.987044630279055646e+00
-1.651023391710972010e+00
-3.354457456663990200e+00
-3.785644981913693474e+00
-2.470334017150232153e+00
-8.946414855791839926e-02
-6.159231817784180940e-01
4.845131842246305887e+00
3.941202853298863218e+00
4.124445401912925746e+00
3.312192237417103780e+00
4.191834797952501468e+00
2.030699086474933246e+00
5.888540157118638874e+00
5.716948217275128918e+00
4.990269727889325324e+00
3.428288983989133065e+00
2.233724478786393242e+00
3.025890154756928130e+00
3.071968995916330769e+00
3.544874372376746408e+00
5.840854568914307876e+00
4.847350187402287069e+00
5.291841104822903930e+00
5.713475630469218913e+00
3.711837772177685402e+00
4.426065676767964696e+00
3.133744134192479880e+00
4.487577447440581402e+00
3.805809202323463758e+00
3.950902453595950270e+00
6.255437522948113838e+00
5.663080174463789085e+00
4.522348632940724755e+00
3.228900357896086426e+00
3.679433928354835626e+00
2.873337458357863472e+00
3.399751827366955581e+00
4.593362867257856585e+00
4.973256367497141284e+00
4.285545739166265911e+00
4.452560921495090085e+00
5.174920898206881503e+00
4.015172585703328245e+00
4.163766952061288329e+00
3.936814080223327128e+00
2.486042656915532056e+00
4.520448384314934565e+00
4.057563830002844263e+00
3.555697310202061701e+00
4.294823165992284864e+00
3.976514440201906364e+00
5.524288187176100706e+00
3.216960347513079022e+00
2.319106575937103010e+00
3.409574645965436357e+00
2.189272802867101575e+00
1.820701833053436580e+00
3.491568865826392365e+00
4.305769782965713333e+00
4.150177528208010891e+00
4.133169990987120457e+00
3.062939766322583246e+00
6.661056614493780614e+00
4.108280973273095604e+00
4.611483812994276121e+00
3.982829159876489555e+00
5.681128473418464608e+00
4.407537884855841526e+00
5.814132147870609835e+00
4.302218898471283914e+00
3.253220272642082467e+00
2.550018947319033558e+00
4.018212905469023433e+00
4.698288617321542127e+00
4.517564275394292395e+00
5.220729078580374605e+00
4.568672419671528928e+00
5.279569180137240636e+00
6.218937305039875518e+00
5.237682513044202182e+00
2.842355715134473382e+00
2.590793943094029217e+00
4.040978095501139400e+00
3.847886830778946443e+00
3.638081270958474001e+00
2.658832521405683380e+00
3.973267739180888380e+00
3.501620518600963017e+00
4.001046112584640824e+00
4.471534369889340610e+00
4.879349710380849636e+00
3.113688640250544815e+00
2.687983667626198780e+00
3.783021650838102268e+00
4.561990087011675854e+00
5.347000201622010174e+00
4.116256998256898392e+00
3.929068380264094884e+00
5.444511256239077390e+00
2.605944168846490605e+00
3.829846615594777237e+00
4.496880422306042568e+00
4.290463451516248305e+00
4.199689901159446848e+00
3.981479914696289146e+00
4.417161622333956039e+00
